50
0 41
0 9
0 38
0 31
0 29
0 37
0 6
0 5
0 13
0 25
0 10
0 12
0 3
0 47
0 17
0 48
1 19
1 34
1 30
1 5
1 49
1 35
1 23
1 36
1 33
2 49
2 17
2 34
2 14
2 11
2 40
2 29
2 45
2 36
2 47
2 3
2 10
2 43
2 44
2 24
2 12
2 28
2 38
3 37
3 13
3 9
3 20
3 15
3 11
3 38
3 24
3 2
3 43
3 39
3 4
3 36
3 18
3 0
4 47
4 41
4 20
4 27
4 49
4 25
4 23
4 35
4 18
4 3
4 10
4 33
4 11
4 28
5 18
5 30
5 44
5 36
5 1
5 0
5 31
5 38
5 6
5 34
5 9
5 43
5 7
5 39
5 40
6 31
6 46
6 49
6 26
6 36
6 29
6 28
6 34
6 0
6 5
6 41
6 25
6 21
6 19
6 23
6 10
6 15
6 16
7 48
7 39
7 10
7 36
7 35
7 28
7 27
7 42
7 8
7 31
7 17
7 38
7 16
7 34
7 5
7 9
8 18
8 38
8 28
8 35
8 23
8 26
8 7
8 11
8 43
8 46
8 30
8 45
8 48
9 38
9 0
9 40
9 3
9 12
9 23
9 36
9 28
9 30
9 32
9 34
9 45
9 41
9 5
9 11
9 7
10 11
10 26
10 39
10 7
10 31
10 14
10 24
10 30
10 47
10 45
10 17
10 2
10 33
10 38
10 36
10 0
10 4
10 6
10 25
11 10
11 20
11 17
11 2
11 3
11 36
11 14
11 13
11 8
11 23
11 49
11 37
11 27
11 26
11 16
11 30
11 34
11 9
11 28
11 4
11 21
11 40
12 22
12 45
12 20
12 32
12 15
12 9
12 40
12 16
12 21
12 33
12 14
12 34
12 30
12 18
12 0
12 2
12 28
12 26
13 25
13 27
13 22
13 40
13 29
13 3
13 33
13 36
13 18
13 23
13 11
13 21
13 0
13 45
13 42
13 15
13 47
13 48
13 46
14 2
14 15
14 10
14 40
14 39
14 11
14 29
14 20
14 30
14 12
14 24
14 34
14 37
14 45
15 12
15 42
15 44
15 34
15 14
15 3
15 49
15 21
15 37
15 24
15 28
15 13
15 16
15 6
16 25
16 23
16 45
16 12
16 44
16 36
16 21
16 49
16 42
16 11
16 15
16 32
16 7
16 17
16 6
16 39
17 18
17 2
17 23
17 35
17 20
17 11
17 22
17 33
17 34
17 10
17 7
17 36
17 28
17 0
17 16
17 21
18 5
18 44
18 8
18 17
18 30
18 13
18 42
18 25
18 31
18 38
18 33
18 24
18 4
18 35
18 41
18 12
18 3
18 28
18 21
18 40
18 37
19 21
19 1
19 39
19 24
19 41
19 44
19 22
19 38
19 35
19 36
19 6
20 22
20 23
20 12
20 4
20 36
20 3
20 27
20 17
20 11
20 47
20 40
20 41
20 14
20 31
20 29
20 48
20 44
20 30
20 34
21 19
21 39
21 44
21 33
21 35
21 22
21 49
21 12
21 40
21 15
21 30
21 13
21 16
21 26
21 6
21 43
21 11
21 17
21 18
22 12
22 20
22 49
22 13
22 34
22 37
22 36
22 35
22 23
22 21
22 17
22 33
22 19
22 47
22 46
22 24
22 31
23 31
23 20
23 44
23 16
23 17
23 9
23 22
23 8
23 48
23 38
23 13
23 4
23 39
23 33
23 11
23 37
23 25
23 6
23 1
24 33
24 35
24 19
24 39
24 27
24 10
24 38
24 3
24 15
24 22
24 18
24 14
24 40
24 2
25 16
25 13
25 18
25 4
25 32
25 6
25 23
25 29
25 41
25 43
25 40
25 0
25 10
26 34
26 10
26 6
26 8
26 30
26 21
26 38
26 42
26 35
26 45
26 11
26 37
26 33
26 39
26 12
27 31
27 13
27 20
27 41
27 24
27 4
27 42
27 7
27 45
27 32
27 11
27 49
28 47
28 35
28 9
28 33
28 8
28 6
28 38
28 7
28 40
28 34
28 15
28 42
28 32
28 43
28 2
28 11
28 17
28 18
28 12
28 4
29 35
29 39
29 13
29 0
29 34
29 2
29 41
29 6
29 14
29 20
29 45
29 25
29 46
29 38
30 5
30 42
30 40
30 18
30 47
30 9
30 1
30 10
30 14
30 26
30 21
30 36
30 48
30 20
30 12
30 11
30 41
30 8
30 49
31 6
31 23
31 33
31 35
31 27
31 10
31 0
31 46
31 18
31 20
31 5
31 32
31 36
31 7
31 42
31 41
31 22
31 44
31 40
31 34
32 45
32 48
32 41
32 12
32 46
32 38
32 36
32 37
32 34
32 40
32 9
32 25
32 31
32 27
32 16
32 28
33 24
33 31
33 21
33 13
33 28
33 22
33 12
33 18
33 17
33 37
33 43
33 23
33 46
33 48
33 10
33 26
33 36
33 4
33 1
34 26
34 38
34 22
34 2
34 1
34 15
34 29
34 42
34 32
34 35
34 36
34 6
34 44
34 28
34 9
34 17
34 12
34 45
34 5
34 14
34 11
34 7
34 48
34 20
34 31
35 31
35 29
35 24
35 17
35 21
35 28
35 22
35 45
35 34
35 8
35 7
35 46
35 40
35 4
35 26
35 18
35 44
35 1
35 19
35 41
35 39
36 7
36 20
36 22
36 13
36 32
36 9
36 5
36 2
36 6
36 11
36 34
36 16
36 47
36 31
36 30
36 10
36 19
36 37
36 3
36 33
36 17
36 1
37 42
37 45
37 3
37 22
37 32
37 38
37 0
37 44
37 15
37 33
37 46
37 23
37 11
37 26
37 36
37 14
37 18
38 42
38 9
38 40
38 34
38 0
38 32
38 47
38 8
38 37
38 18
38 28
38 3
38 23
38 19
38 24
38 5
38 26
38 10
38 7
38 29
38 2
39 21
39 10
39 7
39 29
39 19
39 24
39 14
39 40
39 23
39 3
39 26
39 5
39 35
39 16
40 45
40 38
40 9
40 30
40 13
40 12
40 14
40 2
40 20
40 21
40 32
40 35
40 28
40 39
40 48
40 24
40 25
40 5
40 31
40 11
40 18
41 0
41 32
41 4
41 27
41 19
41 44
41 29
41 20
41 45
41 6
41 9
41 31
41 25
41 30
41 18
41 43
41 35
42 38
42 37
42 30
42 15
42 44
42 34
42 49
42 18
42 27
42 7
42 45
42 28
42 31
42 26
42 16
42 13
43 33
43 48
43 2
43 8
43 3
43 5
43 25
43 21
43 28
43 41
44 18
44 23
44 21
44 5
44 15
44 42
44 49
44 41
44 19
44 16
44 37
44 48
44 34
44 2
44 20
44 35
44 31
45 32
45 40
45 12
45 37
45 16
45 35
45 2
45 41
45 10
45 27
45 42
45 34
45 9
45 29
45 13
45 26
45 8
45 14
45 47
46 6
46 32
46 31
46 35
46 48
46 22
46 33
46 37
46 8
46 29
46 13
47 28
47 4
47 30
47 38
47 20
47 10
47 22
47 36
47 2
47 13
47 0
47 45
48 32
48 7
48 49
48 23
48 44
48 46
48 40
48 43
48 20
48 33
48 30
48 34
48 13
48 8
48 0
49 2
49 22
49 6
49 42
49 44
49 4
49 21
49 15
49 48
49 16
49 11
49 1
49 30
49 27
